165  733
342  177
785  464
111  63
927  428
875  401
600  749
45  368
794  647
262  503
855  996
659  374
892  673
533  364
990  899
646  767
567  454
757  673
943  534
194  804
715  350
793  904
615  206
10  744
126  406
229  485
700  821
568  880
796  922
859  155
492  232
598  294
446  610
75  439
704  493
949  437
580  520
364  470
373  900
36  833
969  436
128  53
749  601
15  919
151  444
181  567
941  695
139  47
382  906
134  213
384  475
659  970
226  367
211  311
309  311
157  342
262  435
447  623
445  1
478  831
713  704
266  435
998  983
459  774
97  122
190  263
299  557
294  359
319  266
658  472
755  605
429  300
866  303
588  130
777  152
88  242
662  527
855  84
74  201
186  719
319  537
419  146
372  314
69  646
941  567
830  281
220  185
160  223
326  419
669  23
189  911
730  857
2  744
802  902
314  477
492  652
60  347
311  281
202  431
339  98
552  472
556  594
28  643
472  190
657  596
760  826
498  978
430  200
906  235
328  792
516  794
816  295
122  295
548  871
534  861
452  586
345  722
971  145
189  203
74  686
514  812
978  403
428  66
749  376
80  517
358  94
454  150
454  652
878  179
528  100
180  240
660  264
72  517
723  53
633  195
336  461
328  154
130  662
259  901
594  567
616  454
801  925
56  638
905  170
129  968
546  824
793  934
56  535
274  647
336  412
930  544
719  299
696  313
52  735
376  61
364  964
344  363
80  173
189  710
485  496
562  240
685  502
763  361
189  182
726  863
371  376
820  961
832  349
60  432
703  697
693  634
817  493
798  456
95  891
44  155
466  685
109  697
15  676
623  597
80  558
540  872
372  861
200  313
143  929
856  868
917  2
39  790
780  972
898  728
128  171
277  609
379  102
946  356
970  229
743  841
810  800
784  987
476  527
775  499
853  580
689  620
746  676
281  230
348  31
519  481
79  534
841  852
304  109
110  459
776  916
427  482
764  379
750  201
17  930
693  38
841  257
819  627
84  966
780  825
433  275
329  793
682  645
867  402
737  60
43  404
902  693
280  54
535  65
479  191
281  993
192  406
508  663
41  216
48  150
633  263
847  980
305  338
198  589
546  715
407  148
450  997
43  972
494  185
463  532
706  613
688  213
341  488
459  233
365  561
188  529
257  177
684  1000
594  591
289  329
752  486
545  997
214  229
775  673
361  551
108  585
458  897
645  112
31  224
85  490
766  171
541  660
982  420
89  186
570  767
310  998
893  575
675  760
320  748
137  881
824  829
481  452
720  339
565  436
653  993
631  805
488  905
570  27
301  286
834  558
113  398
740  333
918  324
566  254
759  238
469  272
289  271
339  195
148  77
564  442
49  893
772  35
851  446
711  98
958  27
850  295
425  643
379  645
25  945
13  228
757  293
752  612
291  438
624  422
155  605
831  932
924  933
85  292
389  172
973  35
288  243
229  293
656  393
707  687
616  601
299  872
459  677
537  482
715  481
510  303
60  166
232  686
22  897
165  732
97  289
655  493
118  11
81  886
926  425
604  348
20  315
193  381
536  806
610  257
734  939
263  297
85  112
41  193
666  825
799  661
567  136
431  561
828  338
701  494
766  582
791  521
18  856
362  244
222  573
869  442
610  942
257  501
559  928
48  89
985  268
656  892
927  460
379  482
538  692
335  365
569  426
72  177
228  686
712  217
735  182
928  508
778  728
538  316
277  854
318  112
908  299
543  334
995  952
39  746
1000  357
826  365
664  672
921  683
68  886
89  858
217  575
535  665
498  381
119  810
936  119
86  904
486  438
971  281
382  469
63  999
531  898
230  873
771  735
24  918
64  225
532  413
758  837
269  515
250  692
724  219
793  339
615  750
705  771
77  923
571  283
850  603
167  309
741  668
183  725
744  609
237  536
933  706
705  797
358  273
709  323
873  182
553  144
761  238
20  794
443  323
221  270
28  682
174  772
24  245
400  428
346  584
891  98
509  808
376  284
311  647
303  809
155  740
664  133
48  843
440  957
819  137
299  964
114  36
325  400
170  228
389  959
658  622
317  493
676  565
62  671
359  402
38  92
534  977
204  540
299  346
756  654
972  889
105  155
820  995
336  229
645  872
18  434
298  423
964  800
35  897
405  589
352  377
944  572
339  118
32  266
307  433
791  256
50  413
2  502
966  295
235  994
392  139
739  121
162  511
2  667
930  717
411  387
781  119
929  561
13  542
335  35
362  113
128  815
52  648
588  330
789  409
565  171
919  830
29  672
778  456
128  713
237  123
569  654
283  437
780  244
825  138
924  906
881  574
10  754
634  532
339  923
527  331
126  936
217  567
553  628
929  797
417  514
98  525
587  653
70  548
241  113
254  910
779  734
956  823
901  356
497  746
882  758
34  263
299  198
7  926
888  852
556  274
68  398
208  72
58  160
66  590
469  305
235  304
30  558
705  905
533  893
794  524
950  581
856  147
378  362
333  825
951  561
952  81
202  475
381  507
749  968
257  544
370  381
884  446
802  982
897  140
322  46
345  649
213  957
408  871
708  785
633  707
151  84
986  815
377  693
598  985
377  157
778  710
331  985
124  733
168  545
874  188
518  408
915  92
880  28
651  272
860  674
468  875
494  665
253  918
801  425
652  291
459  9
270  350
517  817
221  135
682  71
660  910
770  539
764  222
585  325
302  434
957  793
872  699
650  168
154  20
999  835
307  793
852  51
88  985
158  72
708  207
732  716
959  105
721  774
247  803
361  57
134  650
357  822
118  211
689  409
900  309
106  904
460  906
462  781
691  25
888  199
653  917
101  412
805  926
599  585
457  117
197  377
255  598
285  207
936  894
917  371
274  511
943  352
476  77
463  946
398  86
859  522
127  505
323  367
414  194
586  13
261  12
675  295
327  93
67  897
285  355
566  411
869  618
104  462
665  341
721  260
800  489
75  641
845  409
208  279
676  679
50  771
969  991
206  866
671  494
884  397
110  252
548  593
266  986
22  750
598  549
989  188
106  926
764  569
84  871
993  998
500  625
382  19
607  752
622  338
301  350
288  253
375  944
66  516
326  835
547  388
320  359
305  236
310  831
653  262
137  692
145  185
32  744
561  535
770  95
557  702
779  176
102  403
86  224
972  975
719  432
48  8
15  970
842  712
843  699
493  858
196  42
58  893
555  756
947  371
531  621
770  549
959  227
343  895
13  846
932  592
175  731
237  812
454  868
112  216
553  428
859  848
770  900
890  740
115  605
978  633
39  100
53  983
626  804
542  743
891  836
592  912
49  964
997  524
985  537
182  784
636  442
150  951
65  287
844  87
786  840
232  126
411  206
871  809
315  934
849  651
324  203
247  241
498  531
520  74
290  24
283  122
499  639
945  599
119  698
421  208
79  464
940  1000
349  403
485  70
974  389
622  349
563  601
401  140
196  461
473  934
489  997
812  360
336  19
844  134
322  864
542  277
45  974
726  136
785  405
895  839
298  99
68  112
395  354
214  66
799  336
609  895
120  782
14  129
130  280
353  725
565  366
899  924
174  474
52  561
652  437
525  597
878  43
946  125
878  241
186  467
721  335
368  894
495  324
299  969
237  938
862  680
16  613
441  329
385  776
112  179
396  861
468  200
889  351
411  859
491  824
170  872
824  92
615  846
361  61
66  336
523  195
523  929
516  714
590  500
121  256
160  52
798  56
443  906
231  307
357  237
696  944
603  249
919  111
904  491
673  818
841  133
153  844
718  74
379  917
934  881
116  202
233  909
396  405
284  582
59  3
219  290
174  784
749  759
236  440
529  150
606  523
573  481
756  548
38  354
826  520
9  502
730  865
459  218
858  68
302  666
393  639
956  124
552  879
196  960
196  39
590  594
98  880
880  606
17  668
133  452
529  415
504  244
711  344
568  19
860  97
474  143
632  361
266  137
550  314
881  163
537  856
378  780
942  697
570  673
222  965
440  82
354  70
715  341
729  897
42  763
144  755
898  733
490  921
104  376
867  368
111  277
863  316
277  230
105  591
562  488
876  149
784  338
73  49
349  265
278  596
44  963
790  75
570  622
289  375
631  778
747  697
297  750
214  626
379  17
208  927
142  496
327  378
897  449
977  550
692  46
516  866
819  834
581  477
923  162
618  345
46  411
140  441
342  562
820  897
803  92
465  768
996  474
231  152
436  194
274  813
401  837
433  315
103  978
796  266
906  445
674  346
370  132
8  530
372  951
784  213
881  858
125  979
233  846
671  552
421  606
154  339
349  795
968  595
854  879
258  811
383  296
562  96
927  224
709  65
83  92
937  634
629  569
929  842
344  794
922  148
977  616
336  761
609  890
967  623
779  680
874  814
340  492
473  815
853  800
759  58
566  353
253  143
821  675
293  457
57  995
917  495
676  647
576  45
545  916
856  319
395  317
790  185
917  810
801  744
519  821
257  349
163  687
820  407
966  180
742  204
651  812
919  388
735  569
714  905
595  888
909  591
107  209
629  971
318  700
326  816
40  497
557  86
479  938
174  335
924  773
22  869
527  716
864  219
58  806
85  645
363  720
188  34
623  460
703  142
